Год   | Мин. цена за баррель | Макс. цена за баррель | Ср. цена за баррель  | Мин. курс доллара    | Макс. курс доллара  | Ср. курс доллара    
------------------------------------------------------------------------------------------------------------------------------------------------
2006  | 53.37                | 72.68                | 61.08                | 26.18                | 28.74                | 27.18               
2007  | 47.97                | 91.77                | 69.08                | 24.30                | 26.59                | 25.60               
2008  | 33.36                | 140.73               | 94.45                | 23.16                | 28.17                | 24.74               
2009  | 38.10                | 77.88                | 61.06                | 28.17                | 36.36                | 31.75               
2010  | 66.84                | 90.73                | 77.45                | 28.95                | 31.81                | 30.35               
2011  | 89.81                | 120.91               | 107.46               | 27.34                | 32.75                | 29.32               
2012  | 88.74                | 124.64               | 109.45               | 28.96                | 33.67                | 31.11               
2013  | 96.35                | 114.94               | 105.87               | 29.86                | 33.50                | 31.75               
2014  | 52.00                | 110.48               | 96.29                | 30.04                | 56.40                | 36.85               
2015  | 30.74                | 64.96                | 49.49                | 34.36                | 70.89                | 59.44               
2016  | 22.48                | 53.46                | 40.76                | 49.95                | 82.68                | 67.31               
2017  | 42.58                | 64.47                | 52.43                | 55.84                | 78.36                | 58.87               
2018  | 50.11                | 84.09                | 69.78                | 55.71                | 70.56                | 62.18               
2019  | 52.14                | 74.04                | 64.04                | 62.00                | 69.83                | 64.98               
2020  | 12.22                | 70.87                | 41.51                | 61.05                | 80.87                | 71.87               
2021  | 50.75                | 84.66                | 69.89                | 69.54                | 77.40                | 73.71               
2022  | 74.66                | 128.27               | 100.08               | 51.45                | 143.00               | 69.25               
------------------------------------------------------------------------------------------------------------------------------------------------
