Год   | Цена за баррель (средняя)      | Курс доллара (средний)
---------------------------------------------------------------
2006  | 61.08                          | 27.18               
2007  | 69.08                          | 25.60               
2008  | 94.45                          | 24.74               
2009  | 61.06                          | 31.75               
2010  | 77.45                          | 30.35               
2011  | 107.46                         | 29.32               
2012  | 109.45                         | 31.11               
2013  | 105.87                         | 31.75               
2014  | 96.29                          | 36.85               
2015  | 49.49                          | 59.44               
2016  | 40.76                          | 67.31               
2017  | 52.43                          | 58.87               
2018  | 69.78                          | 62.18               
2019  | 64.04                          | 64.98               
2020  | 41.51                          | 71.87               
2021  | 69.89                          | 73.71               
2022  | 100.08                         | 69.25               
---------------------------------------------------------------
